PREFIX, NUMBER, SAMPLE SIZE, 0.0 - 0.9, 1.0 - 1.9, 2.0 - 2.9, 3.0 - 4.0 
AA,101,35,0.08571428571428572,0.0,0.11428571428571428,0.8
JAPAN,101,972,0.02263374485596708,0.0102880658436214,0.047325102880658436,0.9197530864197531
AA,198,74,0.0,0.0,0.0,1.0
PSYCH,209,4453,0.03278688524590164,0.0386256456321581,0.13586346283404446,0.7927240062878959
QMETH,201,4778,0.035789033068229385,0.05546253662620343,0.29949769778149854,0.6092507325240687
AA,210,3222,0.0148975791433892,0.018001241464928614,0.23277467411545624,0.7343265052762259
AA,260,832,0.015625,0.03125,0.31971153846153844,0.6334134615384616
AA,301,526,0.0019011406844106464,0.011406844106463879,0.13307984790874525,0.8536121673003803
AA,310,600,0.01,0.016666666666666666,0.18333333333333332,0.79
AA,311,587,0.0034071550255536627,0.0068143100511073255,0.15502555366269166,0.8347529812606473
AA,312,520,0.007692307692307693,0.023076923076923078,0.22115384615384615,0.7480769230769231
AA,320,296,0.006756756756756757,0.0033783783783783786,0.09121621621621621,0.8986486486486487
AA,322,210,0.0,0.0,0.047619047619047616,0.9523809523809523
AA,331,535,0.005607476635514018,0.007476635514018692,0.05420560747663551,0.9327102803738317
AA,332,517,0.0,0.0,0.058027079303675046,0.941972920696325
AA,400,66,0.0,0.015151515151515152,0.12121212121212122,0.8636363636363636
AA,402,197,0.0,0.0,0.1319796954314721,0.868020304568528
AA,405,233,0.012875536480686695,0.02145922746781116,0.27896995708154504,0.6866952789699571
AA,406,52,0.0,0.038461538461538464,0.21153846153846154,0.75
AA,411,242,0.0,0.0,0.0371900826446281,0.9628099173553719
AA,419,214,0.004672897196261682,0.004672897196261682,0.08411214953271028,0.9065420560747663
AA,421,172,0.0,0.0,0.011627906976744186,0.9883720930232558
AA,430,92,0.0,0.010869565217391304,0.09782608695652174,0.8913043478260869
AA,432,71,0.0,0.014084507042253521,0.07042253521126761,0.9154929577464789
AA,440,133,0.007518796992481203,0.0,0.10526315789473684,0.8872180451127819
AA,302,454,0.004405286343612335,0.006607929515418502,0.14096916299559473,0.8480176211453745
AA,441,71,0.0,0.0,0.08450704225352113,0.9154929577464789
AFRAM,350,169,0.005917159763313609,0.011834319526627219,0.08875739644970414,0.893491124260355
ARAB,203,63,0.015873015873015872,0.06349206349206349,0.19047619047619047,0.7301587301587301
ARCHY,234,118,0.025423728813559324,0.0,0.06779661016949153,0.9067796610169492
AA,447,527,0.0,0.028462998102466792,0.23719165085388993,0.7343453510436433
AA,448,121,0.024793388429752067,0.024793388429752067,0.0743801652892562,0.8760330578512396
AA,460,281,0.0,0.0,0.12455516014234876,0.8754448398576512
AA,461,142,0.0,0.0,0.11267605633802817,0.8873239436619719
AA,462,225,0.0,0.0,0.09777777777777778,0.9022222222222223
ARTH,366,70,0.04285714285714286,0.0,0.17142857142857143,0.7857142857142857
AA,321,485,0.0,0.0,0.14432989690721648,0.8556701030927835
AA,470,122,0.0,0.0,0.09016393442622951,0.9098360655737705
AA,490,21,0.047619047619047616,0.0,0.0,0.9523809523809523
AS,331,139,0.0,0.0,0.007194244604316547,0.9928057553956835
AA,498,341,0.0,0.002932551319648094,0.04985337243401759,0.9472140762463344
AA,499,9,0.0,0.0,0.0,1.0
AS,332,136,0.0,0.0,0.007352941176470588,0.9926470588235294
AES,322,21,0.0,0.047619047619047616,0.09523809523809523,0.8571428571428571
AS,102,254,0.007874015748031496,0.027559055118110236,0.03937007874015748,0.9251968503937008
AS,103,235,0.01276595744680851,0.00851063829787234,0.03404255319148936,0.9446808510638298
AS,212,176,0.005681818181818182,0.005681818181818182,0.045454545454545456,0.9431818181818182
ARTH,270,899,0.05561735261401557,0.028921023359288096,0.135706340378198,0.7797552836484983
AFRAM,270,24,0.0,0.0,0.0,1.0
ARTH,374,15,0.0,0.13333333333333333,0.0,0.8666666666666667
AAS,220,121,0.0,0.03305785123966942,0.09917355371900827,0.8677685950413223
AS,213,118,0.00847457627118644,0.00847457627118644,0.059322033898305086,0.923728813559322
AAS,320,166,0.006024096385542169,0.012048192771084338,0.04819277108433735,0.9337349397590361
AS,333,121,0.0,0.0,0.01652892561983471,0.9834710743801653
AFRAM,320,45,0.0,0.022222222222222223,0.17777777777777778,0.8
AIS,170,270,0.04814814814814815,0.0,0.044444444444444446,0.9074074074074074
AIS,212,24,0.041666666666666664,0.0,0.08333333333333333,0.875
AS,211,212,0.018867924528301886,0.009433962264150943,0.11320754716981132,0.8584905660377359
AS,431,120,0.0,0.0,0.008333333333333333,0.9916666666666667
AS,432,121,0.0,0.0,0.0,1.0
AS,433,117,0.0,0.0,0.008547008547008548,0.9914529914529915
AAS,101,622,0.022508038585209004,0.012861736334405145,0.18006430868167203,0.7845659163987139
AAS,206,620,0.004838709677419355,0.016129032258064516,0.12258064516129032,0.8564516129032258
AIS,103,404,0.03217821782178218,0.012376237623762377,0.04950495049504951,0.905940594059406
AAS,210,101,0.0,0.0297029702970297,0.10891089108910891,0.8613861386138614
AAS,250,145,0.013793103448275862,0.0,0.1103448275862069,0.8758620689655172
AAS,300,25,0.0,0.0,0.12,0.88
AAS,310,75,0.02666666666666667,0.013333333333333334,0.12,0.84
AMATH,342,378,0.06878306878306878,0.021164021164021163,0.09259259259259259,0.8174603174603174
AMATH,352,2312,0.03633217993079585,0.021193771626297576,0.1314878892733564,0.8109861591695502
ANTH,303,186,0.026881720430107527,0.010752688172043012,0.08064516129032258,0.8817204301075269
AAS,330,228,0.013157894736842105,0.0,0.03070175438596491,0.956140350877193
AAS,350,86,0.0,0.03488372093023256,0.1744186046511628,0.7906976744186046
ASL,203,87,0.011494252873563218,0.011494252873563218,0.06896551724137931,0.9080459770114943
ANTH,361,199,0.0,0.005025125628140704,0.005025125628140704,0.9899497487437185
ANTH,373,183,0.02185792349726776,0.00546448087431694,0.04918032786885246,0.9234972677595629
ARCH,300,356,0.0,0.0,0.0898876404494382,0.9101123595505618
AAS,360,269,0.01858736059479554,0.01858736059479554,0.03717472118959108,0.9256505576208178
AAS,370,166,0.006024096385542169,0.0,0.03614457831325301,0.9578313253012049
AAS,372,192,0.015625,0.0,0.041666666666666664,0.9427083333333334
AAS,380,46,0.0,0.0,0.0,1.0
AAS,385,39,0.0,0.05128205128205128,0.07692307692307693,0.8717948717948718
ARTH,273,554,0.05595667870036101,0.03429602888086643,0.13357400722021662,0.776173285198556
AAS,392,177,0.05649717514124294,0.02824858757062147,0.15254237288135594,0.7627118644067796
ARCH,315,357,0.0,0.008403361344537815,0.036414565826330535,0.9551820728291317
ARCHY,325,62,0.04838709677419355,0.016129032258064516,0.06451612903225806,0.8709677419354839
AAS,395,158,0.0,0.02531645569620253,0.08860759493670886,0.8860759493670886
AAS,401,118,0.059322033898305086,0.0,0.03389830508474576,0.9067796610169492
ARCH,321,745,0.0026845637583892616,0.006711409395973154,0.08590604026845637,0.9046979865771813
ARCH,322,350,0.008571428571428572,0.011428571428571429,0.09714285714285714,0.8828571428571429
AAS,402,272,0.022058823529411766,0.01838235294117647,0.05514705882352941,0.9044117647058824
ARCHY,372,45,0.15555555555555556,0.022222222222222223,0.24444444444444444,0.5777777777777777
AAS,405,22,0.045454545454545456,0.0,0.0,0.9545454545454546
AAS,406,49,0.0,0.0,0.22448979591836735,0.7755102040816326
AAS,498,37,0.05405405405405406,0.05405405405405406,0.21621621621621623,0.6756756756756757
AAS,499,45,0.0,0.0,0.06666666666666667,0.9333333333333333
ACADEM,197,180,0.005555555555555556,0.0,0.044444444444444446,0.95
ACADEM,198,89,0.0,0.0,0.011235955056179775,0.9887640449438202
ARCHY,377,21,0.09523809523809523,0.047619047619047616,0.14285714285714285,0.7142857142857143
ART,300,42,0.0,0.0,0.0,1.0
ACCTG,215,8322,0.04001441961067051,0.064647921172795,0.31230473443883683,0.5830329247776976
ACCTG,219,2041,0.04164625183733464,0.060264576188143064,0.27437530622244,0.6237138657520823
ACCTG,275,17,0.0,0.0,0.29411764705882354,0.7058823529411765
ART,301,18,0.0,0.0,0.05555555555555555,0.9444444444444444
ACCTG,301,1034,0.0009671179883945841,0.006769825918762089,0.21470019342359767,0.7775628626692457
ART,302,21,0.0,0.0,0.047619047619047616,0.9523809523809523
ACCTG,311,897,0.005574136008918618,0.0011148272017837235,0.15496098104793757,0.8383500557413601
ART,392,299,0.0033444816053511705,0.0,0.006688963210702341,0.9899665551839465
ACCTG,320,942,0.0031847133757961785,0.0,0.1316348195329087,0.8651804670912951
ACCTG,321,910,0.002197802197802198,0.004395604395604396,0.15274725274725276,0.8406593406593407
ASL,302,9,0.1111111111111111,0.0,0.0,0.8888888888888888
ACCTG,411,948,0.0,0.0010548523206751054,0.0981012658227848,0.9008438818565401
ACCTG,440,888,0.0,0.0,0.0990990990990991,0.9009009009009009
ACCTG,450,221,0.0,0.00904977375565611,0.03619909502262444,0.9547511312217195
ACCTG,451,10,0.0,0.0,0.0,1.0
ACCTG,471,611,0.0,0.0,0.07037643207855974,0.9296235679214403
ACCTG,480,131,0.0,0.0,0.04580152671755725,0.9541984732824428
ACCTG,485,17,0.0,0.0,0.23529411764705882,0.7647058823529411
ACCTG,490,110,0.0,0.0,0.08181818181818182,0.9181818181818182
ACCTG,499,34,0.0,0.0,0.0,1.0
ARTH,272,402,0.03233830845771144,0.022388059701492536,0.05970149253731343,0.8855721393034826
AES,150,1110,0.009009009009009009,0.021621621621621623,0.16846846846846847,0.8009009009009009
AES,151,1079,0.03521779425393883,0.022242817423540315,0.10009267840593142,0.8424467099165894
AES,211,8,0.0,0.0,0.125,0.875
AES,212,693,0.04329004329004329,0.027417027417027416,0.09090909090909091,0.8383838383838383
AES,333,97,0.07216494845360824,0.010309278350515464,0.23711340206185566,0.6804123711340206
AES,340,527,0.03225806451612903,0.024667931688804556,0.0777988614800759,0.8652751423149905
BIBHEB,102,23,0.043478260869565216,0.0,0.0,0.9565217391304348
AES,380,185,0.016216216216216217,0.032432432432432434,0.1837837837837838,0.7675675675675676
AES,389,87,0.034482758620689655,0.05747126436781609,0.19540229885057472,0.7126436781609196
BIOA,355,376,0.06914893617021277,0.08244680851063829,0.2047872340425532,0.6436170212765957
BIOL,302,662,0.0030211480362537764,0.01812688821752266,0.13897280966767372,0.8398791540785498
AES,398,31,0.0,0.0,0.0,1.0
BIOA,300,128,0.015625,0.0859375,0.1796875,0.71875
BIOEN,345,454,0.0022026431718061676,0.0,0.013215859030837005,0.9845814977973568
AES,404,17,0.0,0.0,0.058823529411764705,0.9411764705882353
AES,405,17,0.0,0.0,0.058823529411764705,0.9411764705882353
AES,440,25,0.08,0.08,0.2,0.64
AES,442,110,0.02727272727272727,0.00909090909090909,0.07272727272727272,0.8909090909090909
BIOL,310,332,0.006024096385542169,0.009036144578313253,0.0572289156626506,0.927710843373494
AES,446,16,0.0,0.0,0.1875,0.8125
BIOL,359,173,0.023121387283236993,0.05202312138728324,0.10982658959537572,0.815028901734104
BIOL,380,200,0.015,0.025,0.055,0.905
AES,450,41,0.0,0.0,0.04878048780487805,0.9512195121951219
BIOL,385,248,0.012096774193548387,0.012096774193548387,0.10887096774193548,0.8669354838709677
AES,461,102,0.029411764705882353,0.029411764705882353,0.12745098039215685,0.8137254901960784
AES,462,51,0.11764705882352941,0.09803921568627451,0.11764705882352941,0.6666666666666666
AES,489,98,0.030612244897959183,0.01020408163265306,0.08163265306122448,0.8775510204081632
AES,490,8,0.25,0.0,0.0,0.75
AES,498,186,0.016129032258064516,0.005376344086021506,0.053763440860215055,0.9247311827956989
AES,499,97,0.0,0.0,0.030927835051546393,0.9690721649484536
AFRAM,101,874,0.028604118993135013,0.032036613272311214,0.08810068649885583,0.851258581235698
BIOST,311,46,0.0,0.0,0.06521739130434782,0.9347826086956522
AFRAM,150,213,0.018779342723004695,0.03755868544600939,0.08450704225352113,0.8591549295774648
AFRAM,214,141,0.014184397163120567,0.028368794326241134,0.11347517730496454,0.8439716312056738
BIOEN,325,499,0.004008016032064128,0.01002004008016032,0.08617234468937876,0.8997995991983968
AFRAM,220,231,0.017316017316017316,0.004329004329004329,0.08225108225108226,0.8961038961038961
AFRAM,246,139,0.04316546762589928,0.050359712230215826,0.28776978417266186,0.6187050359712231
AFRAM,260,142,0.035211267605633804,0.09859154929577464,0.18309859154929578,0.6830985915492958
AFRAM,272,164,0.018292682926829267,0.012195121951219513,0.09146341463414634,0.8780487804878049
AFRAM,315,28,0.0,0.0,0.03571428571428571,0.9642857142857143
AFRAM,318,119,0.01680672268907563,0.025210084033613446,0.11764705882352941,0.8403361344537815
BSE,231,55,0.03636363636363636,0.0,0.0,0.9636363636363636
AFRAM,330,168,0.023809523809523808,0.017857142857142856,0.125,0.8333333333333334
AFRAM,334,143,0.0,0.013986013986013986,0.09090909090909091,0.8951048951048951
AFRAM,337,339,0.04129793510324484,0.0058997050147492625,0.11504424778761062,0.8377581120943953
AFRAM,340,75,0.0,0.013333333333333334,0.2,0.7866666666666666
CEE,348,100,0.03,0.01,0.05,0.91
AFRAM,358,25,0.04,0.08,0.04,0.84
AFRAM,360,157,0.09554140127388536,0.03184713375796178,0.1592356687898089,0.7133757961783439
AFRAM,370,120,0.025,0.008333333333333333,0.075,0.8916666666666667
AFRAM,404,29,0.0,0.0,0.06896551724137931,0.9310344827586207
CEP,303,193,0.0,0.0,0.0051813471502590676,0.9948186528497409
CHEME,341,162,0.018518518518518517,0.006172839506172839,0.09876543209876543,0.8765432098765432
CLIT,320,104,0.04807692307692308,0.009615384615384616,0.038461538461538464,0.9038461538461539
CHEM,346,181,0.0055248618784530384,0.0,0.027624309392265192,0.9668508287292817
CHEM,242,4820,0.008091286307053943,0.024273858921161826,0.15186721991701244,0.8157676348547718
CHID,390,304,0.013157894736842105,0.013157894736842105,0.05592105263157895,0.9177631578947368
CHSTU,224,116,0.017241379310344827,0.02586206896551724,0.05172413793103448,0.9051724137931034
CHSTU,332,171,0.023391812865497075,0.017543859649122806,0.05263157894736842,0.9064327485380117
CHSTU,359,31,0.03225806451612903,0.0,0.16129032258064516,0.8064516129032258
CLAR,347,78,0.038461538461538464,0.0,0.0641025641025641,0.8974358974358975
CLAS,328,258,0.011627906976744186,0.007751937984496124,0.023255813953488372,0.9573643410852714
CMS,315,123,0.024390243902439025,0.0,0.056910569105691054,0.9186991869918699
COM,320,92,0.0,0.010869565217391304,0.09782608695652174,0.8913043478260869
COM,362,255,0.03137254901960784,0.050980392156862744,0.1411764705882353,0.7764705882352941
AFRAM,405,72,0.1388888888888889,0.013888888888888888,0.16666666666666666,0.6805555555555556
COM,378,86,0.0,0.011627906976744186,0.19767441860465115,0.7906976744186046
AFRAM,498,283,0.02120141342756184,0.053003533568904596,0.13074204946996468,0.7950530035335689
CSE,371,272,0.011029411764705883,0.0,0.06985294117647059,0.9191176470588235
CSE,374,1106,0.0352622061482821,0.020795660036166366,0.16636528028933092,0.7775768535262206
AFRAM,499,45,0.0,0.0,0.0,1.0
AIS,102,1019,0.02551521099116781,0.023552502453385672,0.10206084396467124,0.8488714425907753
CSE,373,4235,0.01936245572609209,0.014403778040141677,0.13034238488783945,0.8358913813459268
DANCE,111,75,0.02666666666666667,0.0,0.02666666666666667,0.9466666666666667
DANCE,210,64,0.0,0.0,0.0,1.0
DANCE,212,58,0.0,0.0,0.0,1.0
DANCE,225,105,0.0,0.0,0.009523809523809525,0.9904761904761905
DANCE,306,127,0.0,0.0,0.0,1.0
DANCE,336,60,0.0,0.0,0.06666666666666667,0.9333333333333333
AIS,202,206,0.02912621359223301,0.038834951456310676,0.0970873786407767,0.8349514563106796
DANCE,310,37,0.0,0.02702702702702703,0.0,0.972972972972973
DANCE,339,29,0.06896551724137931,0.034482758620689655,0.10344827586206896,0.7931034482758621
DANCE,366,46,0.0,0.0,0.0,1.0
DANCE,305,111,0.0,0.0,0.0,1.0
AIS,203,211,0.014218009478672985,0.009478672985781991,0.018957345971563982,0.957345971563981
AIS,209,59,0.06779661016949153,0.03389830508474576,0.22033898305084745,0.6779661016949152
AIS,210,80,0.0625,0.0125,0.1375,0.7875
DANISH,202,32,0.03125,0.0,0.0,0.96875
DANISH,203,26,0.0,0.0,0.0,1.0
AIS,270,421,0.019002375296912115,0.007125890736342043,0.0688836104513064,0.9049881235154394
AIS,275,208,0.02403846153846154,0.014423076923076924,0.07211538461538461,0.8894230769230769
AIS,307,19,0.15789473684210525,0.0,0.10526315789473684,0.7368421052631579
DESIGN,319,125,0.0,0.008,0.008,0.984
AIS,308,19,0.0,0.0,0.2631578947368421,0.7368421052631579
DRAMA,302,180,0.022222222222222223,0.03333333333333333,0.1,0.8444444444444444
AIS,310,11,0.18181818181818182,0.18181818181818182,0.09090909090909091,0.5454545454545454
AIS,313,71,0.014084507042253521,0.028169014084507043,0.07042253521126761,0.8873239436619719
AIS,314,60,0.0,0.0,0.15,0.85
DRAMA,351,141,0.0,0.0,0.02127659574468085,0.9787234042553191
AIS,315,40,0.05,0.075,0.125,0.75
DXARTS,295,37,0.08108108108108109,0.05405405405405406,0.10810810810810811,0.7567567567567568
DESIGN,387,21,0.0,0.0,0.047619047619047616,0.9523809523809523
AIS,330,34,0.058823529411764705,0.029411764705882353,0.0,0.9117647058823529
AIS,331,15,0.2,0.0,0.26666666666666666,0.5333333333333333
DRAMA,352,83,0.0,0.0,0.0,1.0
AIS,335,346,0.02023121387283237,0.017341040462427744,0.07803468208092486,0.884393063583815
AIS,340,189,0.015873015873015872,0.005291005291005291,0.037037037037037035,0.9417989417989417
EE,242,371,0.0026954177897574125,0.008086253369272238,0.1752021563342318,0.8140161725067385
AIS,350,46,0.043478260869565216,0.0,0.043478260869565216,0.9130434782608695
DRAMA,353,70,0.0,0.0,0.0,1.0
DRAMA,371,208,0.009615384615384616,0.028846153846153848,0.125,0.8365384615384616
AIS,360,353,0.025495750708215296,0.0113314447592068,0.036827195467422094,0.9263456090651558
AIS,365,36,0.0,0.05555555555555555,0.05555555555555555,0.8888888888888888
AIS,375,188,0.02127659574468085,0.010638297872340425,0.06382978723404255,0.9042553191489362
ECFS,312,471,0.004246284501061571,0.0,0.010615711252653927,0.9851380042462845
AIS,377,79,0.0379746835443038,0.02531645569620253,0.0759493670886076,0.8607594936708861
AIS,378,53,0.05660377358490566,0.0,0.03773584905660377,0.9056603773584906
AIS,379,202,0.054455445544554455,0.039603960396039604,0.08415841584158416,0.8217821782178217
EDC&I,359,207,0.01932367149758454,0.004830917874396135,0.014492753623188406,0.961352657004831
ECE,323,125,0.024,0.008,0.04,0.928
EDPSY,305,123,0.04065040650406504,0.016260162601626018,0.056910569105691054,0.8861788617886179
ECON,300,3776,0.027277542372881356,0.029661016949152543,0.24046610169491525,0.7025953389830508
DRAMA,373,203,0.019704433497536946,0.024630541871921183,0.03940886699507389,0.916256157635468
ECON,382,1032,0.00872093023255814,0.011627906976744186,0.08236434108527131,0.8972868217054264
ECON,396,79,0.0,0.0,0.0,1.0
EDUC,170,967,0.022750775594622543,0.011375387797311272,0.055842812823164424,0.9100310237849017
DESIGN,316,104,0.0,0.0,0.0,1.0
ENGL,383,379,0.0079155672823219,0.002638522427440633,0.002638522427440633,0.9868073878627969
DRAMA,354,18,0.05555555555555555,0.0,0.05555555555555555,0.8888888888888888
AIS,380,76,0.02631578947368421,0.02631578947368421,0.02631578947368421,0.9210526315789473
AIS,385,26,0.07692307692307693,0.038461538461538464,0.07692307692307693,0.8076923076923077
AIS,425,16,0.0,0.0625,0.1875,0.75
AIS,431,56,0.03571428571428571,0.017857142857142856,0.10714285714285714,0.8392857142857143
AIS,440,21,0.047619047619047616,0.0,0.047619047619047616,0.9047619047619048
ENVIR,310,88,0.03409090909090909,0.03409090909090909,0.14772727272727273,0.7840909090909091
AIS,441,83,0.012048192771084338,0.0,0.07228915662650602,0.9156626506024096
AIS,443,185,0.02702702702702703,0.0,0.02702702702702703,0.9459459459459459
ENGL,302,1142,0.014010507880910683,0.006129597197898424,0.04553415061295972,0.9343257443082311
AIS,444,8,0.0,0.0,0.125,0.875
AIS,461,17,0.0,0.0,0.0,1.0
ENGR,231,4571,0.007875738350470356,0.0028440166265587398,0.012469919054911398,0.9768103259680595
AIS,465,27,0.037037037037037035,0.0,0.0,0.9629629629629629
ENVH,310,40,0.0,0.0,0.075,0.925
AIS,466,35,0.0,0.0,0.05714285714285714,0.9428571428571428
AIS,475,75,0.013333333333333334,0.0,0.013333333333333334,0.9733333333333334
AIS,480,95,0.05263157894736842,0.021052631578947368,0.021052631578947368,0.9052631578947369
ENVIR,301,119,0.008403361344537815,0.008403361344537815,0.13445378151260504,0.8487394957983193
AIS,499,139,0.007194244604316547,0.0,0.007194244604316547,0.9856115107913669
ESRM,304,567,0.014109347442680775,0.014109347442680775,0.07760141093474426,0.8941798941798942
ESS,312,301,0.04318936877076412,0.023255813953488372,0.26245847176079734,0.6710963455149501
ESRM,351,125,0.016,0.04,0.2,0.744
AMATH,301,8184,0.03372434017595308,0.028714565004887584,0.1125366568914956,0.8250244379276638
ESRM,368,57,0.05263157894736842,0.017543859649122806,0.08771929824561403,0.8421052631578947
ESS,211,533,0.0450281425891182,0.0450281425891182,0.30393996247654786,0.6060037523452158
ESRM,350,365,0.0027397260273972603,0.021917808219178082,0.3013698630136986,0.673972602739726
ESS,310,24,0.0,0.041666666666666664,0.375,0.5833333333333334
ESS,316,49,0.08163265306122448,0.061224489795918366,0.14285714285714285,0.7142857142857143
FHL,375,79,0.0,0.0,0.0,1.0
FISH,274,19,0.10526315789473684,0.0,0.0,0.8947368421052632
AMATH,351,1481,0.042538825118163405,0.03713706954760297,0.1323430114787306,0.7879810938555031
FISH,312,145,0.027586206896551724,0.06206896551724138,0.1793103448275862,0.7310344827586207
AMATH,353,618,0.05016181229773463,0.030744336569579287,0.1488673139158576,0.7702265372168284
FRENCH,320,45,0.022222222222222223,0.0,0.1111111111111111,0.8666666666666667
AMATH,383,1390,0.03093525179856115,0.019424460431654675,0.07697841726618705,0.8726618705035971
AMATH,401,220,0.045454545454545456,0.02727272727272727,0.12272727272727273,0.8045454545454546
AMATH,402,300,0.06,0.02666666666666667,0.17,0.7433333333333333
EPI,320,2707,0.015515330624307351,0.04432951606944958,0.21352050240118212,0.726634650905061
GENOME,371,1142,0.03852889667250438,0.1138353765323993,0.3353765323992995,0.5122591943957968
GEOG,337,129,0.06976744186046512,0.015503875968992248,0.13953488372093023,0.7751937984496124
FRENCH,306,137,0.029197080291970802,0.029197080291970802,0.0364963503649635,0.9051094890510949
AMATH,403,103,0.009708737864077669,0.02912621359223301,0.04854368932038835,0.912621359223301
AMATH,422,125,0.008,0.0,0.088,0.904
GEOG,317,266,0.045112781954887216,0.041353383458646614,0.13157894736842105,0.7819548872180451
GEOG,323,105,0.05714285714285714,0.01904761904761905,0.17142857142857143,0.7523809523809524
GERMAN,195,197,0.015228426395939087,0.005076142131979695,0.09644670050761421,0.883248730964467
GERMAN,210,15,0.0,0.0,0.06666666666666667,0.9333333333333333
FINN,203,19,0.0,0.0,0.0,1.0
GERMAN,304,18,0.0,0.0,0.0,1.0
GREEK,301,32,0.0,0.0,0.0625,0.9375
GWSS,300,212,0.018867924528301886,0.014150943396226415,0.08018867924528301,0.8867924528301887
HONORS,381,15,0.0,0.0,0.0,1.0
AMATH,423,77,0.012987012987012988,0.0,0.11688311688311688,0.8701298701298701
AMATH,481,355,0.03380281690140845,0.005633802816901409,0.04788732394366197,0.9126760563380282
AMATH,482,448,0.033482142857142856,0.015625,0.046875,0.9040178571428571
AMATH,483,206,0.05825242718446602,0.009708737864077669,0.0825242718446602,0.8495145631067961
GERMAN,103,755,0.026490066225165563,0.038410596026490065,0.16556291390728478,0.7695364238410596
ANEST,499,133,0.0,0.0,0.0,1.0
ANTH,101,501,0.027944111776447105,0.03592814371257485,0.13972055888223553,0.7964071856287425
HSTAA,203,96,0.0,0.0,0.0,1.0
ANTH,150,18,0.16666666666666666,0.0,0.05555555555555555,0.7777777777777778
HSTAA,270,16,0.0,0.0,0.0,1.0
HSTAA,316,29,0.0,0.0,0.10344827586206896,0.896551724137931
HSTAA,336,14,0.0,0.0,0.07142857142857142,0.9285714285714286
HONORS,242,28,0.0,0.0,0.0,1.0
ANTH,202,36,0.1111111111111111,0.0,0.16666666666666666,0.7222222222222222
HSTAM,290,21,0.09523809523809523,0.0,0.047619047619047616,0.8571428571428571
ANTH,203,664,0.03313253012048193,0.0963855421686747,0.2605421686746988,0.6099397590361446
HSTAM,335,76,0.0,0.0,0.0,1.0
HSERV,346,21,0.0,0.0,0.14285714285714285,0.8571428571428571
HSTAS,214,35,0.02857142857142857,0.05714285714285714,0.2,0.7142857142857143
HSTAS,317,121,0.008264462809917356,0.0,0.04132231404958678,0.9504132231404959
HSTCMP,210,32,0.0,0.03125,0.09375,0.875
HSTCMP,220,10,0.0,0.0,0.0,1.0
HSTCMP,248,202,0.019801980198019802,0.0049504950495049506,0.039603960396039604,0.9356435643564357
HSTEU,303,123,0.07317073170731707,0.032520325203252036,0.22764227642276422,0.6666666666666666
INDE,310,79,0.012658227848101266,0.012658227848101266,0.27848101265822783,0.6962025316455697
HSTRY,288,119,0.058823529411764705,0.03361344537815126,0.06722689075630252,0.8403361344537815
HSTEU,370,199,0.035175879396984924,0.0,0.07537688442211055,0.8894472361809045
INDE,338,74,0.0,0.0,0.05405405405405406,0.9459459459459459
ANTH,204,233,0.02145922746781116,0.0,0.02575107296137339,0.9527896995708155
ANTH,207,88,0.03409090909090909,0.03409090909090909,0.07954545454545454,0.8522727272727273
INDO,313,17,0.0,0.0,0.0,1.0
ANTH,208,284,0.03873239436619718,0.0,0.045774647887323945,0.9154929577464789
ANTH,209,910,0.013186813186813187,0.005494505494505495,0.027472527472527472,0.9538461538461539
ANTH,210,317,0.08517350157728706,0.0031545741324921135,0.04100946372239748,0.8706624605678234
JAPAN,343,277,0.04332129963898917,0.02527075812274368,0.15162454873646208,0.779783393501805
JEWST,295,18,0.0,0.0,0.1111111111111111,0.8888888888888888
INDE,311,58,0.0,0.10344827586206896,0.15517241379310345,0.7413793103448276
JSISA,211,36,0.05555555555555555,0.027777777777777776,0.2222222222222222,0.6944444444444444
INFO,370,1015,0.026600985221674877,0.0049261083743842365,0.04532019704433497,0.9231527093596059
ANTH,211,50,0.08,0.0,0.02,0.9
ITAL,303,9,0.0,0.0,0.0,1.0
ANTH,213,868,0.00576036866359447,0.016129032258064516,0.055299539170506916,0.9228110599078341
ANTH,215,4230,0.01938534278959811,0.011583924349881796,0.042789598108747044,0.926241134751773
ANTH,228,985,0.027411167512690356,0.018274111675126905,0.0416243654822335,0.9126903553299492
INDO,311,16,0.0,0.0,0.0,1.0
ANTH,233,249,0.0963855421686747,0.10040160642570281,0.26104417670682734,0.5421686746987951
IBUS,340,69,0.0,0.0,0.057971014492753624,0.9420289855072463
JSISA,357,17,0.058823529411764705,0.0,0.17647058823529413,0.7647058823529411
ITAL,306,8,0.0,0.0,0.125,0.875
ITAL,353,9,0.0,0.0,0.0,1.0
ANTH,235,119,0.01680672268907563,0.01680672268907563,0.09243697478991597,0.8739495798319328
JSISA,327,37,0.02702702702702703,0.0,0.24324324324324326,0.7297297297297297
ANTH,236,25,0.08,0.12,0.2,0.6
ANTH,269,601,0.04159733777038269,0.014975041597337771,0.09650582362728785,0.8469217970049917
JSIS,310,30,0.0,0.03333333333333333,0.03333333333333333,0.9333333333333333
ISS,381,77,0.06493506493506493,0.07792207792207792,0.07792207792207792,0.7792207792207793
JSISB,301,9,0.0,0.1111111111111111,0.0,0.8888888888888888
JSISA,360,19,0.0,0.05263157894736842,0.0,0.9473684210526315
JSISB,330,241,0.012448132780082987,0.004149377593360996,0.08713692946058091,0.8962655601659751
JSISA,206,16,0.125,0.0,0.1875,0.6875
JSISB,337,59,0.05084745762711865,0.03389830508474576,0.05084745762711865,0.864406779661017
JSISE,301,12,0.0,0.0,0.0,1.0
JSISE,113,29,0.0,0.034482758620689655,0.1724137931034483,0.7931034482758621
JSISB,385,55,0.01818181818181818,0.0,0.0,0.9818181818181818
ANTH,302,134,0.07462686567164178,0.014925373134328358,0.007462686567164179,0.9029850746268657
LARCH,363,216,0.05555555555555555,0.013888888888888888,0.06018518518518518,0.8703703703703703
LING,210,192,0.057291666666666664,0.026041666666666668,0.026041666666666668,0.890625
LARCH,361,760,0.017105263157894738,0.015789473684210527,0.05921052631578947,0.9078947368421053
ANTH,304,106,0.03773584905660377,0.03773584905660377,0.05660377358490566,0.8679245283018868
JSISB,332,288,0.006944444444444444,0.020833333333333332,0.10069444444444445,0.8715277777777778
ANTH,305,700,0.032857142857142856,0.011428571428571429,0.06285714285714286,0.8928571428571429
ANTH,306,44,0.0,0.022727272727272728,0.06818181818181818,0.9090909090909091
ANTH,307,19,0.0,0.0,0.05263157894736842,0.9473684210526315
LING,212,127,0.047244094488188976,0.07086614173228346,0.11023622047244094,0.7716535433070866
LATIN,102,249,0.020080321285140562,0.008032128514056224,0.04819277108433735,0.9236947791164659
LATIN,301,20,0.0,0.0,0.0,1.0
JEWST,210,37,0.0,0.02702702702702703,0.08108108108108109,0.8918918918918919
ME,333,999,0.009009009009009009,0.03203203203203203,0.16016016016016016,0.7987987987987988
LING,220,27,0.0,0.037037037037037035,0.0,0.9629629629629629
MARBIO,305,114,0.0,0.008771929824561403,0.17543859649122806,0.8157894736842105
MATH,301,745,0.0174496644295302,0.0174496644295302,0.23221476510067113,0.7328859060402685
MATH,381,754,0.017241379310344827,0.010610079575596816,0.08753315649867374,0.8846153846153846
MATH,328,545,0.011009174311926606,0.045871559633027525,0.26605504587155965,0.6770642201834862
MSCI,301,122,0.00819672131147541,0.0,0.00819672131147541,0.9836065573770492
ANTH,308,228,0.03508771929824561,0.0,0.008771929824561403,0.956140350877193
ANTH,311,888,0.016891891891891893,0.013513513513513514,0.010135135135135136,0.9594594594594594
MATH,340,377,0.03713527851458886,0.08222811671087533,0.2864721485411141,0.5941644562334217
MATH,396,258,0.007751937984496124,0.011627906976744186,0.22868217054263565,0.751937984496124
ME,373,933,0.006430868167202572,0.02465166130760986,0.17363344051446947,0.7952840300107181
MSE,333,362,0.0,0.0027624309392265192,0.27900552486187846,0.7182320441988951
MGMT,305,251,0.0,0.00796812749003984,0.199203187250996,0.7928286852589641
MGMT,311,252,0.0,0.003968253968253968,0.03968253968253968,0.9563492063492064
MKTG,370,406,0.0,0.0024630541871921183,0.06896551724137931,0.9285714285714286
ANTH,313,155,0.0,0.012903225806451613,0.06451612903225806,0.9225806451612903
MUHST,210,188,0.031914893617021274,0.010638297872340425,0.12234042553191489,0.8351063829787234
MODHEB,202,20,0.0,0.0,0.0,1.0
MSE,342,312,0.0,0.003205128205128205,0.13141025641025642,0.8653846153846154
MUSEN,325,53,0.0,0.0,0.0,1.0
MUSAP,217,55,0.0,0.0,0.0,1.0
MUSED,301,60,0.0,0.0,0.03333333333333333,0.9666666666666667
MUSEN,369,29,0.0,0.0,0.0,1.0
MUSIC,216,49,0.0,0.0,0.0,1.0
ANTH,315,11,0.0,0.0,0.0,1.0
ANTH,316,59,0.0,0.01694915254237288,0.01694915254237288,0.9661016949152542
MUSIC,305,246,0.016260162601626018,0.0,0.024390243902439025,0.959349593495935
MUSIC,306,316,0.015822784810126583,0.006329113924050633,0.02531645569620253,0.9525316455696202
MUSIC,350,28,0.0,0.0,0.0,1.0
MUSIC,250,123,0.12195121951219512,0.008130081300813009,0.07317073170731707,0.7967479674796748
ANTH,321,96,0.010416666666666666,0.020833333333333332,0.08333333333333333,0.8854166666666666
ANTH,322,401,0.06234413965087282,0.057356608478802994,0.11970074812967581,0.7605985037406484
ANTH,323,162,0.08641975308641975,0.012345679012345678,0.12345679012345678,0.7777777777777778
ANTH,328,42,0.047619047619047616,0.0,0.023809523809523808,0.9285714285714286
ANTH,330,31,0.03225806451612903,0.0,0.0,0.967741935483871
MUSIC,301,187,0.016042780748663103,0.026737967914438502,0.29411764705882354,0.6631016042780749
ANTH,339,8,0.0,0.0,0.125,0.875
MUSICP,320,421,0.0,0.0023752969121140144,0.0023752969121140144,0.995249406175772
ANTH,345,161,0.062111801242236024,0.055900621118012424,0.18633540372670807,0.6956521739130435
ANTH,349,9,0.1111111111111111,0.0,0.2222222222222222,0.6666666666666666
ANTH,352,31,0.06451612903225806,0.0,0.03225806451612903,0.9032258064516129
ANTH,353,13,0.0,0.0,0.23076923076923078,0.7692307692307693
MUSIC,382,37,0.0,0.0,0.0,1.0
NEARE,308,75,0.0,0.0,0.0,1.0
MUSIC,352,20,0.0,0.0,0.0,1.0
NSCI,202,85,0.0,0.011764705882352941,0.1411764705882353,0.8470588235294118
NSCI,321,82,0.012195121951219513,0.012195121951219513,0.07317073170731707,0.9024390243902439
NURS,309,404,0.0,0.0,0.019801980198019802,0.9801980198019802
NORW,312,33,0.0,0.0,0.0,1.0
OCEAN,310,178,0.011235955056179775,0.02247191011235955,0.3707865168539326,0.5955056179775281
OCEAN,220,153,0.05228758169934641,0.026143790849673203,0.26143790849673204,0.6601307189542484
NUTR,341,49,0.0,0.02040816326530612,0.02040816326530612,0.9591836734693877
OCEAN,320,219,0.0182648401826484,0.0136986301369863,0.2420091324200913,0.726027397260274
PHIL,267,27,0.0,0.037037037037037035,0.037037037037037035,0.9259259259259259
OCEAN,355,8,0.0,0.0,0.0,1.0
ANTH,356,125,0.008,0.0,0.032,0.96
PHIL,332,91,0.03296703296703297,0.02197802197802198,0.12087912087912088,0.8241758241758241
PHIL,335,235,0.03829787234042553,0.01276595744680851,0.1148936170212766,0.8340425531914893
ANTH,357,29,0.034482758620689655,0.034482758620689655,0.06896551724137931,0.8620689655172413
NEARE,345,10,0.0,0.0,0.0,1.0
PHG,302,94,0.010638297872340425,0.0,0.02127659574468085,0.9680851063829787
PHIL,346,23,0.0,0.043478260869565216,0.13043478260869565,0.8260869565217391
PHYS,227,1454,0.04264099037138927,0.04401650618982118,0.2551581843191197,0.6581843191196699
OCEAN,351,125,0.032,0.008,0.064,0.896
PHYS,324,827,0.02176541717049577,0.045949214026602174,0.2418379685610641,0.6904474002418379
PHYS,225,1504,0.031914893617021274,0.04188829787234043,0.2839095744680851,0.6422872340425532
PHIL,342,38,0.07894736842105263,0.0,0.05263157894736842,0.868421052631579
POLS,281,17,0.17647058823529413,0.0,0.35294117647058826,0.47058823529411764
POLS,315,12,0.0,0.0,0.08333333333333333,0.9166666666666666
PHYS,328,429,0.023310023310023312,0.02564102564102564,0.2867132867132867,0.6643356643356644
PHYS,226,835,0.032335329341317366,0.04790419161676647,0.2934131736526946,0.6263473053892216
PORT,105,117,0.0,0.0,0.03418803418803419,0.9658119658119658
PORT,365,57,0.0,0.017543859649122806,0.017543859649122806,0.9649122807017544
POLS,337,107,0.056074766355140186,0.009345794392523364,0.2336448598130841,0.7009345794392523
PSYCH,210,14421,0.00575549545801262,0.014631440260730879,0.07787254698009846,0.901740517301158
PSYCH,302,562,0.04092526690391459,0.033807829181494664,0.199288256227758,0.7259786476868327
PSYCH,303,567,0.047619047619047616,0.10582010582010581,0.23633156966490299,0.6102292768959435
ANTH,359,47,0.0,0.0,0.0851063829787234,0.9148936170212766
ANTH,360,198,0.045454545454545456,0.045454545454545456,0.10101010101010101,0.8080808080808081
ANTH,363,188,0.010638297872340425,0.0,0.005319148936170213,0.9840425531914894
PRSAN,201,25,0.04,0.0,0.2,0.76
PSYCH,330,513,0.003898635477582846,0.011695906432748537,0.11306042884990253,0.8713450292397661
ANTH,369,586,0.020477815699658702,0.008532423208191127,0.06655290102389079,0.9044368600682594
RELIG,120,416,0.0,0.0,0.0,1.0
PSYCH,331,543,0.0055248618784530384,0.003683241252302026,0.09208103130755065,0.8987108655616943
PSYCH,334,501,0.001996007984031936,0.0,0.015968063872255488,0.9820359281437125
RE,363,287,0.006968641114982578,0.003484320557491289,0.0627177700348432,0.926829268292683
RUSS,113,29,0.034482758620689655,0.0,0.0,0.9655172413793104
SCAND,232,388,0.01288659793814433,0.010309278350515464,0.05670103092783505,0.9201030927835051
ANTH,374,21,0.09523809523809523,0.0,0.0,0.9047619047619048
QSCI,292,965,0.05906735751295337,0.10984455958549223,0.20621761658031088,0.6248704663212435
RELIG,211,8,0.0,0.0,0.0,1.0
SCAND,271,57,0.03508771929824561,0.0,0.08771929824561403,0.8771929824561403
PUBPOL,321,47,0.0,0.0,0.0,1.0
POLS,330,9,0.2222222222222222,0.0,0.1111111111111111,0.6666666666666666
SCAND,375,593,0.02866779089376054,0.011804384485666104,0.0893760539629005,0.8701517706576728
SLAVIC,210,23,0.043478260869565216,0.0,0.0,0.9565217391304348
SCAND,345,54,0.0,0.0,0.018518518518518517,0.9814814814814815
SOC,240,320,0.040625,0.03125,0.1375,0.790625
ANTH,376,313,0.025559105431309903,0.022364217252396165,0.134185303514377,0.8178913738019169
SOC,275,572,0.02097902097902098,0.057692307692307696,0.18706293706293706,0.7342657342657343
SLAVIC,351,12,0.0,0.0,0.16666666666666666,0.8333333333333334
ANTH,377,1054,0.013282732447817837,0.0018975332068311196,0.023719165085388995,0.961100569259962
SCAND,327,32,0.0625,0.0,0.03125,0.90625
SOC,368,33,0.0,0.0,0.09090909090909091,0.9090909090909091
SOCWF,311,258,0.003875968992248062,0.0,0.011627906976744186,0.9844961240310077
SOC,337,71,0.014084507042253521,0.014084507042253521,0.09859154929577464,0.8732394366197183
SOCWF,390,286,0.006993006993006993,0.0,0.013986013986013986,0.9790209790209791
SPAN,332,48,0.0,0.0,0.041666666666666664,0.9583333333333334
ANTH,378,209,0.06220095693779904,0.023923444976076555,0.09090909090909091,0.8229665071770335
STAT,340,221,0.013574660633484163,0.02262443438914027,0.1583710407239819,0.8054298642533937
ANTH,380,102,0.00980392156862745,0.0784313725490196,0.058823529411764705,0.8529411764705882
STAT,341,237,0.0,0.016877637130801686,0.12236286919831224,0.8607594936708861
ANTH,399,59,0.0,0.01694915254237288,0.0,0.9830508474576272
SWA,103,158,0.0,0.0379746835443038,0.056962025316455694,0.9050632911392406
SPHSC,306,203,0.0,0.0,0.024630541871921183,0.9753694581280788
SWED,103,81,0.0,0.0,0.024691358024691357,0.9753086419753086
ANTH,401,35,0.02857142857142857,0.0,0.05714285714285714,0.9142857142857143
ANTH,402,25,0.16,0.0,0.0,0.84
ANTH,406,12,0.08333333333333333,0.0,0.0,0.9166666666666666
ANTH,407,22,0.045454545454545456,0.0,0.09090909090909091,0.8636363636363636
ANTH,408,44,0.06818181818181818,0.022727272727272728,0.09090909090909091,0.8181818181818182
ANTH,409,65,0.07692307692307693,0.03076923076923077,0.03076923076923077,0.8615384615384616
ANTH,410,42,0.023809523809523808,0.0,0.047619047619047616,0.9285714285714286
ANTH,412,20,0.0,0.0,0.15,0.85
ANTH,413,43,0.046511627906976744,0.0,0.11627906976744186,0.8372093023255814
ANTH,416,35,0.08571428571428572,0.02857142857142857,0.05714285714285714,0.8285714285714286
ANTH,417,31,0.03225806451612903,0.0,0.06451612903225806,0.9032258064516129
ANTH,422,28,0.07142857142857142,0.03571428571428571,0.10714285714285714,0.7857142857142857
TAGLG,103,219,0.0,0.0,0.0,1.0
ANTH,425,74,0.04054054054054054,0.02702702702702703,0.12162162162162163,0.8108108108108109
ANTH,427,19,0.0,0.0,0.0,1.0
ANTH,429,31,0.0967741935483871,0.0,0.03225806451612903,0.8709677419354839
ANTH,432,28,0.14285714285714285,0.10714285714285714,0.17857142857142858,0.5714285714285714
ANTH,437,18,0.05555555555555555,0.05555555555555555,0.16666666666666666,0.7222222222222222
ANTH,439,13,0.0,0.07692307692307693,0.0,0.9230769230769231
ANTH,443,66,0.030303030303030304,0.0,0.015151515151515152,0.9545454545454546
ANTH,444,40,0.0,0.05,0.0,0.95
ANTH,448,52,0.07692307692307693,0.0,0.11538461538461539,0.8076923076923077
ANTH,449,74,0.02702702702702703,0.0,0.05405405405405406,0.918918918918919
ANTH,450,9,0.0,0.0,0.0,1.0
ANTH,452,58,0.034482758620689655,0.0,0.06896551724137931,0.896551724137931
ANTH,453,171,0.023391812865497075,0.0,0.06432748538011696,0.9122807017543859
ANTH,456,42,0.023809523809523808,0.0,0.0,0.9761904761904762
ANTH,458,27,0.0,0.0,0.07407407407407407,0.9259259259259259
ANTH,459,20,0.05,0.0,0.0,0.95
ANTH,460,173,0.08092485549132948,0.023121387283236993,0.046242774566473986,0.8497109826589595
TKISH,202,8,0.0,0.0,0.0,1.0
ANTH,461,56,0.03571428571428571,0.0,0.14285714285714285,0.8214285714285714
ANTH,464,28,0.03571428571428571,0.0,0.03571428571428571,0.9285714285714286
ANTH,466,72,0.0,0.0,0.0,1.0
ANTH,467,81,0.012345679012345678,0.0,0.08641975308641975,0.9012345679012346
ANTH,468,114,0.03508771929824561,0.0,0.043859649122807015,0.9210526315789473
ANTH,469,346,0.028901734104046242,0.031791907514450865,0.07514450867052024,0.8641618497109826
ANTH,472,26,0.0,0.0,0.0,1.0
ANTH,473,13,0.0,0.0,0.0,1.0
ANTH,474,29,0.0,0.0,0.0,1.0
ANTH,477,195,0.05128205128205128,0.005128205128205128,0.02564102564102564,0.9179487179487179
ANTH,478,156,0.02564102564102564,0.01282051282051282,0.019230769230769232,0.9423076923076923
ANTH,479,686,0.02478134110787172,0.014577259475218658,0.05830903790087463,0.902332361516035
VIET,123,63,0.015873015873015872,0.0,0.15873015873015872,0.8253968253968254
VIET,313,29,0.0,0.0,0.0,1.0
ANTH,483,172,0.005813953488372093,0.0,0.01744186046511628,0.9767441860465116
ANTH,488,59,0.03389830508474576,0.0,0.05084745762711865,0.9152542372881356
ANTH,489,106,0.0,0.009433962264150943,0.0,0.9905660377358491
ANTH,490,57,0.05263157894736842,0.0,0.07017543859649122,0.8771929824561403
ANTH,492,22,0.0,0.0,0.13636363636363635,0.8636363636363636
ANTH,494,10,0.0,0.0,0.0,1.0
ANTH,497,22,0.0,0.0,0.09090909090909091,0.9090909090909091
ANTH,499,182,0.0,0.005494505494505495,0.01098901098901099,0.9835164835164835
ARAB,101,331,0.03927492447129909,0.04229607250755287,0.14803625377643503,0.770392749244713
ARAB,102,248,0.012096774193548387,0.028225806451612902,0.17338709677419356,0.7862903225806451
ARAB,103,225,0.017777777777777778,0.03111111111111111,0.16444444444444445,0.7866666666666666
ARAB,105,80,0.05,0.0375,0.3125,0.6
